image_width: 346
image_height: 260
camera_name: davis
camera_matrix:
  rows: 3
  cols: 3
  data:
    [
      246.215,
      0.0,
      157.8584,
      0.0,
      245.6147,
      123.187,
      0.0,
      0.0,
      1.0,
    ]
distortion_model: plumb_bob
distortion_coefficients:
  rows: 1
  cols: 5
  data:
    [
      -0.362377,
      0.107568,
      0.0019944,
      0.0070122,
      0.0,
    ]
rectification_matrix:
  rows: 3
  cols: 3
  data: [1, 0, 0, 0, 1, 0, 0, 0, 1]
projection_matrix:
  rows: 3
  cols: 4
  data:
    [
      246.215,
      0.0,
      157.8584,
      0.0,
      0.0,
      245.614688,
      123.187,
      0.0,
      0.0,
      0.0,
      1.0, 
      0.0,
    ]
