image_width: 320
image_height: 240
camera_name: dvx
camera_matrix:
  rows: 3
  cols: 3
  data:
    [
      270.029,
      0.0,
      267.858,
      0.0,
      142.05,
      116.297,
      0.0,
      0.0,
      1.0,
    ]
distortion_model: plumb_bob
distortion_coefficients:
  rows: 1
  cols: 5
  data:
    [
      -0.39334,
      -0.172157,
      0.00045589,
      -0.00076026,
      0.0,
    ]
rectification_matrix:
  rows: 3
  cols: 3
  data: [1, 0, 0, 0, 1, 0, 0, 0, 1]
projection_matrix:
  rows: 3
  cols: 4
  data:
    [
      270.029,
      0.0,
      267.858,
      0.0,
      0.0,
      142.05,
      116.297,
      0.0,
      0.0,
      0.0,
      1.0, 
      0.0,
    ]
